
NUMPOLLIES 36

// FLOOR

0.0 0.0 12.0 0.0 14.0
0.0 0.0 0.0 14.0 0.0
12.0 0.0 12.0 14.0 14.0

0.0 0.0 0.0 14.0 0.0
12.0 0.0 12.0 14.0 14.0
12.0 0.0 0.0 0.0 14.0

0.0 0.0 0.0 14.0 0.0
0.0 0.0 12.0 0.0 14.0
-12.0 0.0 12.0 14.0 14.0

0.0 0.0 0.0 14.0 0.0
-12.0 0.0 12.0 14.0 14.0
-12.0 0.0 0.0 0.0 14.0

0.0 0.0 0.0 14.0 0.0
12.0 0.0 0.0 0.0 14.0
12.0 0.0 -12.0 14.0 14.0

0.0 0.0 0.0 14.0 0.0
0.0 0.0 -12.0 0.0 14.0
12.0 0.0 -12.0 14.0 14.0

0.0 0.0 0.0 14.0 0.0
-12.0 0.0 0.0 0.0 14.0
-12.0 0.0 -12.0 12.0 14.0

0.0 0.0 0.0 14.0 0.0
-12.0 0.0 -12.0 14.0 14.0
0.0 0.0 -12.0 0.0 14.0


SKY

-12.0 0.0 12.0 12.0 0.0
-12.0 12.0 12.0 0.0 12.0
12.0 0.0 12.0 12.0 12.0

12.0 0.0 12.0 0.0 12.0
12.0 12.0 12.0 12.0 0.0
-12.0 12.0 12.0 12.0 12.0

12.0 0.0 12.0 0.0 12.0
12.0 12.0 12.0 12.0 0.0
12.0 0.0 -12.0 12.0 12.0

12.0 0.0 -12.0 0.0 12.0
12.0 12.0 -12.0 12.0 0.0
12.0 12.0 12.0 12.0 12.0

12.0 0.0 -12.0 0.0 12.0
12.0 12.0 -12.0 12.0 0.0
-12.0 0.0 -12.0 12.0 12.0

-12.0 0.0 -12.0 12.0 0.0
-12.0 12.0 -12.0 12.0 12.0
12.0 12.0 -12.0 0.0 12.0

-12.0 0.0 -12.0 0.0 12.0
-12.0 12.0 -12.0 12.0 0.0
-12.0 0.0 12.0 12.0 12.0

-12.0 0.0 12.0 0.0 12.0
-12.0 12.0 12.0 12.0 0.0
-12.0 12.0 -12.0 12.0 12.0

